Grafo Lido
DKT Feito para arquivo ../../../grafos/TP2/grafo_W_1.txt
Usou: Heap
Levou 0.0262591
[20 1034 9285 9853 4252 4627 2502 3578 8892 4746 2875 5094 2038 10] - Custo: 2.38

[30 4045 682 2658 2038 10] - Custo: 1.72

[40 1223 2195 6759 5941 682 2658 2038 10] - Custo: 2.05

[50 2527 2532 8078 3235 2258 7521 2038 10] - Custo: 1.20

[60 9082 4328 8182 3383 4333 1268 3598 2875 5094 2038 10] - Custo: 1.66

Grafo Lido
DKT Feito para arquivo ../../../grafos/TP2/grafo_W_2.txt
Usou: Heap
Levou 0.0905749
[20 3907 23467 9448 13344 3358 8238 3448 1573 18571 15369 15491 10525 20401 10] - Custo: 1.81

[30 8688 22569 17348 12125 8863 16217 23713 22754 10] - Custo: 1.72

[40 11469 6984 12308 18966 23726 23673 3461 23713 22754 10] - Custo: 1.92

[50 14607 24612 24811 3594 14272 23978 627 8863 16217 23713 22754 10] - Custo: 1.57

[60 10430 7009 1848 10684 20167 5521 9146 13268 22754 10] - Custo: 1.58

Grafo Lido
DKT Feito para arquivo ../../../grafos/TP2/grafo_W_3.txt
Usou: Heap
Levou 0.9425518
[20 15760 86355 16608 27694 86778 87862 68904 84450 26049 70540 41321 61279 39345 24445 3905 35293 2858 10] - Custo: 0.80

[30 26151 27642 93985 78071 42304 77935 87087 64898 53177 85187 96094 35293 2858 10] - Custo: 0.89

[40 46307 15930 19697 14327 86286 24445 3905 35293 2858 10] - Custo: 0.84

[50 19878 70948 94992 17622 82510 19040 84437 56663 10] - Custo: 0.87

[60 8718 59399 74717 79865 75728 96654 33719 66532 99253 2874 89584 24445 3905 35293 2858 10] - Custo: 0.97

Grafo Lido
DKT Feito para arquivo ../../../grafos/TP2/grafo_W_4.txt
Usou: Heap
Levou 10.1700584
[20 807260 318070 634947 655748 663364 841402 805646 437166 430107 554617 877016 532245 10] - Custo: 2.66

[30 707581 740528 132461 417194 239369 35338 920911 183747 44636 207765 219466 694525 81769 261305 182382 873980 10] - Custo: 2.02

[40 477496 188007 386086 274827 730863 801708 277633 275098 418550 188455 557022 674971 182382 873980 10] - Custo: 2.52

[50 630598 994210 407659 472621 716970 9905 735867 349584 149827 663332 748624 382144 694525 81769 261305 182382 873980 10] - Custo: 2.69

[60 774634 822462 855615 358029 614364 188021 224210 161217 283156 883474 364950 227336 280367 27985 106317 674971 182382 873980 10] - Custo: 2.41

Grafo Lido
DKT Feito para arquivo ../../../grafos/TP2/grafo_W_5.txt
Usou: Heap
Levou 64.6552901
[20 8885874 3908338 2031914 7155379 6766415 7788327 8790605 7103730 1295458 6528266 4615833 7622850 10] - Custo: 17.34

[30 8947758 5664093 1816279 7291082 5117196 3166991 8868678 4341576 3485759 5549785 8775277 2983314 6836812 9270546 202621 5413988 2846336 10] - Custo: 17.24

[40 9798152 4846487 9008138 7676193 3215052 5850281 660832 4105715 409605 5641294 9885733 1419794 1299954 10] - Custo: 17.37

[50 396789 6416250 9271362 700154 3724752 3716282 4276332 5368621 8451042 9927727 1299954 10] - Custo: 15.43

[60 4688066 5741162 7648812 5288008 805658 6145878 6245853 8764929 5114103 4069363 2345809 2254373 1274537 4275535 2224619 8226464 10] - Custo: 17.99